1.jpg
1
154 2 50 82 0 0 0 0 0 0 
2.jpg
1
129 88 28 60 0 0 0 0 1 0 
3.jpg
1
147 140 35 100 0 0 1 0 0 0 
4.jpg
1
157 265 58 192 0 0 1 0 0 0 
5.jpg
1
39 0 60 157 0 0 0 0 0 0 
6.jpg
1
101 121 22 56 0 0 0 0 0 0 
7.jpg
1
158 107 20 60 0 0 0 0 0 0 
8.jpg
1
173 105 16 63 0 0 0 0 0 0 
9.jpg
1
181 197 66 140 0 1 0 0 0 0 
10.jpg
1
141 87 19 53 0 0 0 0 0 0 
11.jpg
1
150 48 8 24 1 0 0 0 0 0 
12.jpg
2
185 361 236 687 0 0 0 0 1 0 
781 349 216 616 0 0 0 0 1 0 
13.jpg
1
511 535 86 288 0 0 0 0 0 0 
14.jpg
1
577 573 103 338 0 0 0 0 0 0 
15.jpg
2
347 132 184 634 0 0 0 0 0 0 
353 946 182 588 0 0 0 0 0 0 
16.jpg
1
617 379 50 126 0 0 1 0 0 0 
17.jpg
1
567 293 58 134 0 1 1 0 0 0 
18.jpg
1
569 305 54 136 0 1 1 0 0 0 
19.jpg
1
427 163 76 230 0 0 0 0 0 0 
20.jpg
1
269 109 138 404 0 0 0 0 0 0 
21.jpg
2
217 145 162 408 1 0 0 0 0 0 0 
799 191 137 424 0 0 0 0 0 0 0 
22.jpg
1
443 707 214 372 0 0 0 0 0 0 
23.jpg
1
435 81 175 516 0 0 0 0 0 0 
24.jpg
1
191 167 101 542 0 0 0 0 1 0 
25.jpg
1
439 433 118 317 0 0 0 0 0 0 
26.jpg
1
579 591 48 188 1 0 0 0 0 0 
27.jpg
1
791 201 74 198 0 0 1 0 0 0 
28.jpg
1
381 361 162 372 0 1 0 0 0 0 
29.jpg
1
575 151 163 354 0 1 0 0 1 0 
30.jpg
1
895 289 148 306 0 0 0 0 0 0 
31.jpg
1
779 612 202 461 0 0 0 0 0 0 
32.jpg
1
427 475 142 316 1 0 0 0 0 0 
33.jpg
1
385 361 140 281 1 0 0 0 0 0 
34.jpg
1
623 237 166 298 2 1 1 0 0 0 
35.jpg
1
643 267 168 346 2 1 1 0 0 0 
36.jpg
1
351 687 110 272 1 1 1 0 0 0 
37.jpg
1
653 319 58 168 1 0 0 0 0 0 
38.jpg
1
541 79 226 410 0 1 0 0 1 0 
39.jpg
1
672 843 85 219 0 0 0 0 0 0
40.jpg
1
235 581 242 418 1 1 0 0 0 0 
41.jpg
1
657 319 50 172 1 0 0 0 0 0 
42.jpg
1
693 407 240 435 0 1 0 0 0 0 
43.jpg
1
275 555 108 168 1 1 0 0 0 0 
44.jpg
1
273 499 248 452 1 1 0 0 0 0 
45.jpg
1
79 933 274 752 1 1 0 0 1 0 
46.jpg
1
609 377 50 120 1 0 0 0 0 0 
47.jpg
1
599 505 65 115 0 0 0 0 0 0 
48.jpg
1
533 541 114 393 0 0 0 0 0 0 
49.jpg
1
771 471 152 364 0 0 0 0 1 0 
50.jpg
1
377 637 128 378 0 0 0 0 0 0 
51.jpg
1
105 239 166 410 0 0 0 0 0 0 
52.jpg
1
353 159 128 335 0 0 0 0 0 0 
53.jpg
1
125 226 126 355 0 0 0 0 0 0 
54.jpg
1
563 703 204 552 0 0 0 0 0 0 
55.jpg
1
587 479 68 236 1 0 0 0 0 0 
56.jpg
1
147 638 116 413 1 0 0 0 0 0 
57.jpg
1
157 583  136 422 1 0 0 0 0 0 
58.jpg
2
85 403 96 270 0 0 0 0 0 0 
539 403 101 271 0 0 0 0 0 0 
59.jpg
1
225 270 68 187 1 0 0 0 0 0 
60.jpg
1
655 757 158 442 0 0 0 0 0 0 
