1.jpg
1
154 2 50 115 0 0 0 0 0 0 
2.jpg
1
119 88 32 77 0 0 0 0 1 0 
3.jpg
1
147 140 35 123 0 0 1 0 0 0 
4.jpg
1
157 265 58 192 0 0 1 0 0 0 
5.jpg
1
39 0 60 160 0 0 0 0 0 0 
6.jpg
1
101 113 22 70 0 0 0 0 0 0 
7.jpg
1
158 107 20 70 0 0 0 0 0 0 
8.jpg
1
173 105 18 69 0 0 0 0 0 0 
9.jpg
1
170 190 66 160 0 1 0 0 0 0 
10.jpg
1
141 87 19 63 0 0 0 0 0 0 
11.jpg
1
150 48 8 28 1 0 0 0 0 0 
12.jpg
2
175 361 282 832 0 0 0 0 1 0 
757 306 216 754 0 0 0 0 1 0 
13.jpg
1
500 518 134 394 0 0 0 0 0 0 
14.jpg
1
564 559 145 433 0 0 0 0 0 0 
15.jpg
2
347 132 184 634 0 0 0 0 0 0 
353 946 182 588 0 0 0 0 0 0 
16.jpg
1
609 357 60 180 0 0 1 0 0 0 
17.jpg
1
567 277 64 191 0 1 1 0 0 0 
18.jpg
1
569 305 54 154 0 1 1 0 0 0 
19.jpg
1
427 163 76 276 0 0 0 0 0 0 
20.jpg
1
250 70 200 500 0 0 0 0 0 0 
21.jpg
2
183 115 192 492 1 0 0 0 0 0 0 
743 151 157 494 0 0 0 0 0 0 0 
22.jpg
1
401 645 254 572 0 0 0 0 0 0 
23.jpg
1
435 25 244 706 0 0 0 0 0 0 
24.jpg
1
191 167 101 602 0 0 0 0 1 0 
25.jpg
1
439 433 118 357 0 0 0 0 0 0 
26.jpg
1
579 591 68 214 1 0 0 0 0 0 
27.jpg
1
773 201 94 230 0 0 1 0 0 0 
28.jpg
1
357 316 192 472 0 1 0 0 0 0 
29.jpg
1
575 151 163 404 0 1 0 0 1 0 
30.jpg
1
895 289 148 396 0 0 0 0 0 0 
31.jpg
1
779 612 202 601 0 0 0 0 0 0 
32.jpg
1
427 475 142 388 1 0 0 0 0 0 
33.jpg
1
385 333 140 345 1 0 0 0 0 0 
34.jpg
1
623 221 166 457 2 1 1 0 0 0 
35.jpg
1
637 245 198 413 2 1 1 0 0 0 
36.jpg
1
295 666 150 329 1 1 1 0 0 0 
37.jpg
1
436 309 75 178 1 0 0 0 0 0 
38.jpg
1
527 21 246 650 0 1 0 0 1 0 
39.jpg
1
672 822 85 306 0 0 0 0 0 0
40.jpg
1
212 531 282 598 1 1 0 0 0 0 
41.jpg
1
645 309 70 198 1 0 0 0 0 0 
42.jpg
1
633 367 300 545 0 1 0 0 0 0 
43.jpg
1
265 535 128 274 1 1 0 0 0 0 
44.jpg
1
214 457 300 590 1 1 0 0 0 0 
45.jpg
1
79 933 274 792 1 1 0 0 1 0 
46.jpg
1
609 361 50 158 1 0 0 0 0 0 
47.jpg
1
599 505 65 159 0 0 0 0 0 0 
48.jpg
1
533 541 114 493 0 0 0 0 0 0 
49.jpg
1
771 432 152 531 0 0 0 0 1 0 
50.jpg
1
377 610 158 499 0 0 0 0 0 0 
51.jpg
1
69 196 210 517 0 0 0 0 0 0 
52.jpg
1
353 129 128 425 0 0 0 0 0 0 
53.jpg
1
116 206 223 482 0 0 0 0 0 0 
54.jpg
1
521 657 234 752 0 0 0 0 0 0 
55.jpg
1
587 469 68 316 1 0 0 0 0 0 
56.jpg
1
147 608 116 523 1 0 0 0 0 0 
57.jpg
1
92 546 190 554 1 0 0 0 0 0 
58.jpg
2
85 367 96 400 0 0 0 0 0 0 
539 374 101 389 0 0 0 0 0 0 
59.jpg
1
225 260 68 240 1 0 0 0 0 0 
60.jpg
1
655 717 158 598 0 0 0 0 0 0 
