121.jpg
1
221 197 448 1240 0 0 0 0 1 0 
122.jpg
1
178 339 59 144 0 0 0 0 0 0 
123.jpg
2
53 5 176 385 0 0 0 0 0 0 
289 0 155 383 0 0 0 0 0 0 
124.jpg
1
281 324 86 275 0 0 0 0 0 0 
125.jpg
1
226 198 49 151 0 0 0 0 0 0 
126.jpg
1
147 233 170 282 0 0 0 0 1 1
127.jpg
1
256 375 103 312 0 0 0 0 0 0 
128.jpg
1
277 425 136 471 0 0 0 0 0 0 
129.jpg
1
201 304 105 360 0 0 0 0 0 0 
130.jpg
1
239 400 273 444 0 0 0 0 0 1 
131.jpg
1
164 265 56 244 0 0 0 0 0 0 
132.jpg
1
249 514 49 175 0 0 0 0 0 0 
133.jpg
1
186 352 124 220 0 0 0 0 0 0 
134.jpg
1
37 51 37 105 2 0 0 0 0 0 
135.jpg
1
929 297 80 176 0 0 0 0 0 0 
136.jpg
1
398 120 36 93 0 0 0 0 0 0 
137.jpg
1
487 391 108 278 0 0 0 0 0 0 
138.jpg
1
478 402 144 262 0 0 0 0 0 1 
139.jpg
1
570 312 107 274 0 0 0 0 0 0 
140.jpg
1
495 323 66 265 0 0 0 0 0 0 
141.jpg
1
406 274 127 237 0 0 0 0 0 1 
142.jpg
1
294 325 77 222 0 0 0 0 0 0 
143.jpg
1
188 170 38 108 0 0 0 0 0 0 
144.jpg
1
227 224 34 113 0 0 0 0 0 0 
145.jpg
1
169 639 398 648 0 0 0 0 0 1 
146.jpg
1
85 623 232 588 0 0 0 0 0 0 
147.jpg
1
171 589 398 634 0 0 0 0 0 1 
148.jpg
1
85 639 246 580 0 0 0 0 0 1 
149.jpg
1
530 617 90 220 0 0 0 0 0 0 
150.jpg
1
187 316 127 227 0 0 0 0 0 1 
151.jpg
1
363 51 422 910 0 0 0 0 1 0 
152.jpg
1
343 213 138 236 0 1 0 0 0 1 


